|Ciclos pós falta| nº de features | Acurácia média de treinamento (%) | Acurácia de validação (%) | Tempo de treinamento (s) | Tempo de validação (s) |
|:---:|:---:|:---:|:---:|:---:|:---:|
|1|100|99,87|100|5,564|0,006|
|1|200|100|100|7,116|0,013|
|1|300|100|100|9,833|0,021|
|1|400|100|100|11,358|0,033|
|1|500|100|100|13,017|0,039|
|1|600|100|100|15,289|0,048|
|1|700|100|100|17,191|0,069|
|1|800|100|100|18,009|0,071|
|1|900|100|100|19,264|0,067|
|1|1000|100|100|20,594|0,046|
|1|10000|100|100|39,01|0,352|
|1/2|100|100|99,47|6,835|0,008|
|1/2|200|100|100|8,116|0,013|
|1/2|300|100|100|9,488|0,02|
|1/2|400|100|100|11,05|0,023|
|1/2|500|100|100|12,477|0,027|
|1/2|600|100|100|14,621|0,045|
|1/2|700|100|100|16,401|0,052|
|1/2|800|100|100|17,381|0,055|
|1/2|900|100|100|17,434|0,056|
|1/2|1000|100|100|18,506|0,061|
|1/2|10000|100|100|33,11|0,358|
|1/4|100|98,80|98,94|6,718|0,008|
|1/4|200|99,60|99,47|8,102|0,013|
|1/4|300|99,87|100|9,4|0,019|
|1/4|400|99,74|99,47|10,848|0,023|
|1/4|500|100|100|11,309|0,037|
|1/4|600|99,87|100|14,345|0,049|
|1/4|700|99,74|100|16,097|0,051|
|1/4|800|99,87|100|15,835|0,048|
|1/4|900|99,87|100|17,252|0,077|
|1/4|1000|99,87|100|16,967|0,061|
|1/4|10000|100|100|29,721|0,357|
|1/8|100|97,87|96,28|6,785|0,021|
|1/8|200|99,73|97,87|8,092|0,013|
|1/8|300|99,20|97,87|9,298|0,02|
|1/8|400|99,87|99,47|10,621|0,023|
|1/8|500|99,60|98,94|11,086|0,039|
|1/8|600|99,60|98,94|14,095|0,046|
|1/8|700|99,87|99,47|14,72|0,052|
|1/8|800|99,73|98,94|15,745|0,055|
|1/8|900|99,73|98,94|15,53|0,0057|
|1/8|1000|99,73|98,94|16,778|0,082|
|1/8|10000|99,73|99,47|24,752|0,357|
|1/16|100|95,61|95,21|6,768|0,009|
|1/16|200|98,00|96,81|8,031|0,034|
|1/16|300|99,47|99,47|9,239|0,019|
|1/16|400|99,20|98,40|10,574|0,023|
|1/16|500|99,60|100|11,192|0,036|
|1/16|600|99,47|100|14,068|0,045|
|1/16|700|99,34|99,47|14,712|0,072|
|1/16|800|99,60|99,47|15,75|0,042|
|1/16|900|99,74|98,94|15,693|0,079|
|1/16|1000|99,34|100|15,823|0,061|
|1/16|10000|99,60|99,47|22,455|0,359|
|1/32|100|97,87|98,94|6,678|0,009|
|1/32|200|97,60|96,91|7,814|0,013|
|1/32|300|98,14|98,94|9,112|0,018|
|1/32|400|98,54|99,47|10,568|0,023|
|1/32|500|98,54|98,94|10,948|0,036|
|1/32|600|98,93|99,47|13,006|0,044|
|1/32|700|99,47|98,94|14,39|0,05|
|1/32|800|99,20|99,47|14,685|0,06|
|1/32|900|99,67|98,94|15,69|0,045|
|1/32|1000|99,07|99,47|15,799|0,074|
|1/32|10000|99,47|99,47|21,426|0,352|